function yy=summer1(p,s) 
mm=[102.326313767311,21.4114485776356,-3.29250974820042;102.666715859749,22.1301956387497,5.41586138096612;102.814222887261,22.3787494683043,11.0310380247663;102.874658235506,22.4024728897544,13.7685552510106;102.982074686884,23.1526297189322,15.9495185993237;102.383958779041,22.9363443440477,-1.45408297984224;102.625100563581,22.9427413328050,5.30088982287387;102.768452262697,22.9953537853893,9.99374707699510;102.864268320564,23.2936557082472,13.6142162626523;102.951235443247,23.8753563667971,16.5165724915758];
J1=s(:,1);
a1=s(:,2);
b1=s(:,3);
J=J1-p(7);
a=a1-p(8);
b=b1-p(9);
yy=p(1).*J.^2+p(2).*a.^2+p(3).*b.^2+p(4).*J.*a+p(5).*J.*b+p(6).*a.*b+p(10);

end